    0.415390529820844405E-65    0.388224490282990359E+03    0.280699700117111206E+01   -0.441510772705078125E+02
    0.107996784619499445E-64    0.385913555414617576E+03    0.237088391609937599E+01   -0.448568708271293062E+02
    0.269533148821545681E-60    0.365263694811987648E+03    0.249673527771274362E+01   -0.444374461337870343E+02
    0.633161023426328912E-48    0.307893585805697001E+03    0.235358842138940894E+01   -0.445913858185295737E+02
    0.364159793678039173E-43    0.285573998888289964E+03    0.259805182825696157E+01   -0.444724889812777917E+02
    0.688504288838718819E-41    0.274689800951371353E+03    0.248865065998993851E+01   -0.445895699112049684E+02
    0.374084917532088699E-30    0.224853006352567377E+03    0.220247260716864668E+01   -0.448011270379701401E+02
    0.242150131551890714E-26    0.206902175432118440E+03    0.202016535870468639E+01   -0.450268008494806153E+02
    0.653666892794471523E-26    0.204516095489417523E+03    0.205245421621223434E+01   -0.449891728765209891E+02
    0.471630430470851198E-24    0.195558559499170428E+03    0.202529002866156826E+01   -0.448627600033901288E+02
    0.423957081750751148E-24    0.195371686428727315E+03    0.203772576397045579E+01   -0.449907220311345384E+02
    0.963510289830913038E-16    0.156488423061597757E+03    0.194241572858520772E+01   -0.450304174351199862E+02
    0.836593437604741278E-12    0.137950232222811564E+03    0.191593512974956037E+01   -0.450208594183655322E+02
    0.407247845560177489E-11    0.134384894552020000E+03    0.191465565454227882E+01   -0.450106931747860131E+02
    0.388580246744694928E-10    0.129473568872928411E+03    0.181001017238716733E+01   -0.449228156467276918E+02
    0.464046671591935022E-10    0.128718598015548707E+03    0.186779704596497509E+01   -0.449418699300520998E+02
    0.485320554759796445E-10    0.128228949060012468E+03    0.190702329552411554E+01   -0.449907696516250297E+02
    0.310933749570342302E-07    0.114903897991381399E+03    0.186445504744326640E+01   -0.450253476516115825E+02
    0.404755192994336729E-05    0.104766152505391901E+03    0.183995325034596102E+01   -0.449841071437205784E+02
    0.967346817849102519E-05    0.102623603181470486E+03    0.178115006725233371E+01   -0.449481906261857702E+02
    0.392695640170331493E-03    0.948163072599563179E+02    0.181724472783665258E+01   -0.450125723577379020E+02
    0.490097857849091886E-03    0.939731668164999263E+02    0.179801593416623873E+01   -0.450452078005758523E+02
    0.134471246882931724E-02    0.915545059959024741E+02    0.175419791048046569E+01   -0.449545719006738196E+02
    0.329766712169444294E-02    0.893604358493429913E+02    0.177492526611614609E+01   -0.449709072771568970E+02
    0.308959486641028529E-02    0.890907864784189769E+02    0.179883057614802722E+01   -0.450008856620084430E+02
    0.547042029996092950E-02    0.875481555191199732E+02    0.179184395438266764E+01   -0.450255115395125429E+02
    0.184113684966242461E-01    0.847209297668590438E+02    0.178578765412607998E+01   -0.450101658491864356E+02
    0.209717177364224447E-01    0.840605169095553748E+02    0.177710593077273105E+01   -0.449914095142033972E+02
    0.183239739663576227E-01    0.839304459100917768E+02    0.177924463362509533E+01   -0.450262925367118427E+02
    0.180268446907057255E-01    0.835631423834350215E+02    0.178040407213545215E+01   -0.450018122018481534E+02
    0.506510226956749590E-01    0.810969475768268211E+02    0.176883191858622424E+01   -0.449959756580915666E+02
    0.470832152876703644E-01    0.808430332722769123E+02    0.176301966335177918E+01   -0.450327424026362095E+02
    0.436469516795797777E-01    0.805945995320032011E+02    0.177037003460670461E+01   -0.450053652825576762E+02
    0.610210975184133919E-01    0.795244270899888761E+02    0.176307393241693755E+01   -0.449967703196236570E+02
    0.578248506083552452E-01    0.792320291714563325E+02    0.176557072658684455E+01   -0.450109845133205653E+02
    0.560879266427116163E-01    0.788930252646434695E+02    0.176412652860579811E+01   -0.450087524046374696E+02
    0.493143771939121289E-01    0.787504350902880219E+02    0.176350951211466467E+01   -0.450129986601794343E+02
    0.582474800594543415E-01    0.780174647592021984E+02    0.175682589822747226E+01   -0.449967599222682537E+02
    0.509947808918542883E-01    0.778834198365907469E+02    0.175950473400979801E+01   -0.450055585393703268E+02
    0.535800199586946024E-01    0.773845139474202881E+02    0.175639940433853470E+01   -0.450186045994473218E+02
    0.490153639868042210E-01    0.771625988212285279E+02    0.175464197396607746E+01   -0.450204315180845995E+02
    0.418216016447212971E-01    0.770800404370548193E+02    0.175495638474532800E+01   -0.450016368309557109E+02
    0.357359245044101617E-01    0.769945534777474165E+02    0.175510288895554667E+01   -0.450170719104044323E+02
    0.302544463268283152E-01    0.769275801012858267E+02    0.175490645201270645E+01   -0.450166763472629086E+02
    0.293385770631444248E-01    0.765890598739582913E+02    0.175345755946977766E+01   -0.450161805489982498E+02
    0.278401672259935805E-01    0.762939067364005012E+02    0.175234416897937240E+01   -0.450048916615623682E+02
    0.250116627377526893E-01    0.761081819694653063E+02    0.175164222847570938E+01   -0.450140794428314592E+02
    0.213777591306051548E-01    0.760221642434064364E+02    0.175116198789457078E+01   -0.450052823751113991E+02
    0.180009999689829600E-01    0.759660118002874754E+02    0.175133360336351007E+01   -0.450108554119845863E+02
    0.152710656348658044E-01    0.758949466147207374E+02    0.175058260409035893E+01   -0.450141979215045325E+02
    0.130251569420641745E-01    0.758131011469352813E+02    0.175061533420605131E+01   -0.450104066519614179E+02
    0.138966193567336953E-01    0.756702596224678246E+02    0.174985485736117852E+01   -0.450115769001980368E+02
    0.137955888616226995E-01    0.756848530333751341E+02    0.174990819503726702E+01   -0.450117810694048686E+02
    0.147073910558701334E-01    0.755568504994019605E+02    0.174920470715957932E+01   -0.450124253414017659E+02
    0.164124686270178018E-01    0.753374681638933481E+02    0.174820166991293902E+01   -0.450115746860173331E+02
    0.162106389990626480E-01    0.753622153100403125E+02    0.174830730610142715E+01   -0.450117663993726254E+02
