    0.532527259615098085E-88    0.485586451048190952E+03    0.206972081586136758E+01   -0.451864527707093160E+02
    0.979095011595380782E-44    0.281340973665873946E+03    0.213873286843299848E+01   -0.449929990768432617E+02
    0.719132605725452942E-34    0.235506437637934908E+03    0.195249876350901652E+01   -0.451153619500184959E+02
    0.863454358440951666E-28    0.207109625985536951E+03    0.168183987990470096E+01   -0.451774815500268687E+02
    0.212880033413716796E-20    0.172668689009818763E+03    0.190168186160150032E+01   -0.450924038806021201E+02
    0.145781542073293449E-19    0.168420757963123094E+03    0.188363359680763565E+01   -0.448951428204257610E+02
    0.332527044831057429E-16    0.152556023443874039E+03    0.193768260509754087E+01   -0.450279903511212112E+02
    0.181975670410861953E-14    0.144151379462990207E+03    0.191415472626686101E+01   -0.449317114353179932E+02
    0.175019279032014819E-14    0.143829333193643890E+03    0.190805909638280480E+01   -0.450447663356624872E+02
    0.171007701617914948E-13    0.138870538086782233E+03    0.193371752107145012E+01   -0.449864160818850394E+02
    0.640272571377391214E-12    0.131224997132244937E+03    0.188994825114882836E+01   -0.449474263528275273E+02
    0.581478241219762350E-09    0.117202127425425417E+03    0.186126815870787610E+01   -0.449631452760124404E+02
    0.159299162396844340E-07    0.110181366241475871E+03    0.179041048130967750E+01   -0.450846360987273158E+02
    0.220736667678803710E-07    0.109128993275044735E+03    0.170601811873707376E+01   -0.450968938806358040E+02
    0.416154739835691073E-07    0.107460819835520752E+03    0.183454324282314296E+01   -0.449684700166353508E+02
    0.865229238739650010E-05    0.963866048118461833E+02    0.180421815084933290E+01   -0.449744050950967846E+02
    0.646805723777778486E-04    0.919633316471849440E+02    0.179540321448513907E+01   -0.450413268635299318E+02
    0.239053287858797354E-02    0.843437102516295738E+02    0.176934730930224426E+01   -0.450410899754999079E+02
    0.595763069421561924E-02    0.821173971222926866E+02    0.177439480385058101E+01   -0.450223565425479393E+02
    0.169456725064787428E-01    0.796267178735620575E+02    0.176705392305286790E+01   -0.450085394669224215E+02
    0.141260244537804759E-01    0.795907052531089079E+02    0.174954758603044103E+01   -0.449807032572168097E+02
    0.297010866886150242E-01    0.777043755893533330E+02    0.167599316599591686E+01   -0.450292876781050921E+02
    0.323469584794492462E-01    0.771337028626275867E+02    0.175332469126800716E+01   -0.450227613885334392E+02
    0.342694986445614413E-01    0.766182314449017952E+02    0.174574174810482585E+01   -0.450290228452038832E+02
    0.294441263801650845E-01    0.765217539644992684E+02    0.170783807113974562E+01   -0.449659448000665165E+02
    0.283757123793947595E-01    0.761956756945801033E+02    0.170851605323477829E+01   -0.449671404923592206E+02
    0.317294863167475252E-01    0.755722500247843243E+02    0.172411224730841406E+01   -0.449767024953414563E+02
    0.515169826417805829E-01    0.742029198306256887E+02    0.169617758165133869E+01   -0.450296879833220061E+02
    0.505095179193749966E-01    0.738424192729696927E+02    0.173650865644221453E+01   -0.450200050840489325E+02
    0.513662565648105168E-01    0.734087799176900688E+02    0.170338530879492622E+01   -0.449744533307781893E+02
    0.443545333326800587E-01    0.733023130158592124E+02    0.171733182252348993E+01   -0.449815900194836900E+02
    0.675685374350804696E-01    0.720604579530199629E+02    0.172805888038082522E+01   -0.450116417325857228E+02
    0.597825474076544155E-01    0.719053153193365517E+02    0.172367154301926773E+01   -0.449957500863359527E+02
    0.574565504950923789E-01    0.715846848201220638E+02    0.170546444291701094E+01   -0.450200872000568566E+02
    0.475502054788400283E-01    0.715631706367092022E+02    0.167889412063202315E+01   -0.449830394370539608E+02
    0.409147606602509317E-01    0.714637610687564546E+02    0.170201089956581364E+01   -0.450189202691997039E+02
    0.371788320645452183E-01    0.712552637197228194E+02    0.171172579425887661E+01   -0.450174052145382433E+02
    0.409096403251449151E-01    0.706640113772243978E+02    0.171571298552517582E+01   -0.450019589167690555E+02
    0.348864500381645126E-01    0.705825458517885096E+02    0.168668820170141753E+01   -0.449891240905786773E+02
    0.287027643078352629E-01    0.705727559863693727E+02    0.168389744206376379E+01   -0.449955594902597440E+02
    0.260046673008130155E-01    0.703701907903545560E+02    0.169730889818235364E+01   -0.449900578631816899E+02
    0.217920724753209623E-01    0.703236503458403490E+02    0.169767627561923473E+01   -0.449906727124117012E+02
    0.182127373732490598E-01    0.702825004473744457E+02    0.168806247383583785E+01   -0.449947847469974178E+02
    0.151413337389435902E-01    0.702518861816148785E+02    0.170277066299915036E+01   -0.449934884943349971E+02
    0.154349806304005330E-01    0.702001544506675685E+02    0.168927786585036688E+01   -0.449964302548038688E+02
    0.163929624536118083E-01    0.700797230086456295E+02    0.169726445083236044E+01   -0.449942642845833802E+02
    0.156232280659765153E-01    0.701759096859174463E+02    0.169352409610776622E+01   -0.449926277170393405E+02
    0.165611011004651830E-01    0.700593139801047187E+02    0.169408012096830318E+01   -0.449951971633483936E+02
    0.167791957020106720E-01    0.700331477208497262E+02    0.169532789915470050E+01   -0.449955109486433216E+02
