    0.356304236124495602E-87    0.441091943573807441E+03    0.242953255772590637E+01   -0.449627001285552979E+02    0.234047605576298821E+03    0.508375961602806171E+03    0.467472256432032274E+00
    0.291000130171930812E-85    0.432086525696332501E+03    0.152143986540882725E+01   -0.451341585302599526E+02    0.234226152528266454E+03    0.536364836370746048E+03    0.446370399255157257E+00
    0.918207370505166936E-80    0.406562475677573673E+03    0.164719049334526058E+01   -0.454404830932617188E+02    0.235166857499429398E+03    0.503894918864908050E+03    0.582748797427607657E+00
    0.568822450423076231E-77    0.393504674942399845E+03    0.284363398551940927E+01   -0.446190519332885742E+02    0.235750660024050916E+03    0.480303793130041413E+03    0.591530215968899764E+00
    0.332056780291581486E-64    0.334513987261041734E+03    0.246623354633356717E+01   -0.450003911304667668E+02    0.231231659064432279E+03    0.530496839614130636E+03    0.654413989620476144E+00
    0.231933380723761494E-56    0.298190337374918045E+03    0.160612733511253558E+01   -0.452474134922464017E+02    0.234197548571118062E+03    0.498530800655743690E+03    0.497851230161480252E+00
    0.208390248903622200E-50    0.270573391578754979E+03    0.245400557316887546E+01   -0.449480434593118261E+02    0.233425528517673285E+03    0.470412708811491598E+03    0.678485312807677987E+00
    0.205061571076759484E-45    0.247379745124285563E+03    0.207434642141238346E+01   -0.452500494779586049E+02    0.235113192708328228E+03    0.479023334074362026E+03    0.663784621919537354E+00
    0.149936532621561277E-30    0.178728388718580277E+03    0.266897541489008727E+01   -0.443051789691886313E+02    0.231270272768497932E+03    0.489568702266270066E+03    0.643392063685411131E+00
    0.244648868937342877E-28    0.168338824534931319E+03    0.191231421092836174E+01   -0.451026769467083426E+02    0.238777568402059813E+03    0.520674831231344115E+03    0.430259883864080706E+00
    0.277395099070616391E-28    0.167887586843304064E+03    0.272838234443979033E+01   -0.441250224023430775E+02    0.231801784362159140E+03    0.508792995582129549E+03    0.462543338619208710E+00
    0.232529578413699941E-27    0.163435267466179624E+03    0.182614174596931433E+01   -0.446269505759806577E+02    0.236498362309896009E+03    0.525673422924981651E+03    0.364343528265498651E+00
    0.409725046861948923E-27    0.162102329703370401E+03    0.290921273143086578E+01   -0.443012364029505363E+02    0.233138072518297236E+03    0.492313030350858980E+03    0.559331938887390412E+00
    0.110287363864516962E-26    0.159921953435673657E+03    0.201596628427505475E+01   -0.446218118667602539E+02    0.235860506335218759E+03    0.478915051262324084E+03    0.419765985740260417E+00
    0.413662041735133041E-25    0.152472863333762461E+03    0.276922839136837817E+01   -0.442766487261120574E+02    0.231029003600926160E+03    0.479955228102298975E+03    0.696428546276575799E+00
    0.331388780162073908E-24    0.148111207282971264E+03    0.209106453493595934E+01   -0.448831434079114118E+02    0.232108302923424731E+03    0.515370027342138428E+03    0.778954324370024209E+00
    0.332972885197263777E-21    0.134086159100427636E+03    0.196369263049756748E+01   -0.449844480771989907E+02    0.233092619780237442E+03    0.523058825203296237E+03    0.831893414412226750E+00
    0.427310135206592130E-21    0.133387261098987977E+03    0.237631538836620848E+01   -0.445379048267272779E+02    0.233195587852221365E+03    0.508122996324664143E+03    0.530265024723880374E+00
    0.267769141156635435E-20    0.129516860644729178E+03    0.230349397721983840E+01   -0.447792133048451149E+02    0.234717943762940962E+03    0.505470840408140020E+03    0.485168130381109786E+00
    0.406622757914166308E-19    0.123876169108338658E+03    0.172302688991624908E+01   -0.453082053678721834E+02    0.235520988008062574E+03    0.505923380267162656E+03    0.695058667722706414E+00
    0.777614446832996025E-18    0.117774309000686088E+03    0.284668687787733843E+01   -0.441771229268211272E+02    0.232297239419359897E+03    0.498503894873101103E+03    0.514534330361673509E+00
    0.177121991741838784E-17    0.115927923050033527E+03    0.239556627765137575E+01   -0.448092045449876295E+02    0.232466168904048601E+03    0.506417051525370198E+03    0.685763476125935911E+00
    0.623926473916073171E-17    0.113209535415809157E+03    0.164582684166619342E+01   -0.451717153540353848E+02    0.234728323388011972E+03    0.530872091591654680E+03    0.556338823861088128E+00
    0.636243529399142028E-17    0.112970437682317737E+03    0.254467450910425041E+01   -0.445708533459826768E+02    0.232651886556905254E+03    0.507941316224531136E+03    0.684502850670456464E+00
    0.142204285596885081E-16    0.111161900982695187E+03    0.256270721961030423E+01   -0.444183565582122384E+02    0.233502042844885779E+03    0.523828089604799402E+03    0.469258851770715024E+00
    0.238969889867111104E-16    0.109923755171798916E+03    0.208690842506800456E+01   -0.447578312575064103E+02    0.236362989362933916E+03    0.491071958162198200E+03    0.534226533473738940E+00
    0.170030528950216376E-15    0.105799304100186504E+03    0.241653779693753146E+01   -0.446663318240854608E+02    0.231496923186761705E+03    0.509430920578617815E+03    0.630473950317461784E+00
    0.861666075375378056E-15    0.102353524482049252E+03    0.223445692725175427E+01   -0.450060575741252435E+02    0.232677113645510616E+03    0.495269560454415000E+03    0.813829601069103514E+00
    0.297307353511878644E-14    0.996765569921467574E+02    0.187350105060132388E+01   -0.448714599521371795E+02    0.233630600950407540E+03    0.521214122805201441E+03    0.561466351497259653E+00
    0.611679601730512375E-12    0.888233323105164772E+02    0.161410009489365014E+01   -0.448074356743991160E+02    0.233800286832616365E+03    0.526667415040437618E+03    0.535143775929095011E+00
    0.522181026114324100E-10    0.797293805340485164E+02    0.200270343409962592E+01   -0.448347714337579291E+02    0.232465145420798308E+03    0.546272618424030838E+03    0.493270548977466416E+00
    0.622846401579628497E-10    0.791768092922834086E+02    0.174487263162171979E+01   -0.447538031207097475E+02    0.233085936776218460E+03    0.555552201862172296E+03    0.404588537981734664E+00
    0.149694768270643171E-09    0.772230423047868442E+02    0.196693802277596608E+01   -0.451843938139282244E+02    0.233297485708493696E+03    0.517684995100172159E+03    0.772551434553012228E+00
    0.511211538411723444E-09    0.745666720421597375E+02    0.190639256704030813E+01   -0.451148475084914153E+02    0.234448280711025490E+03    0.530730703175880080E+03    0.594031962234189082E+00
    0.122066453768285109E-05    0.588104270473701476E+02    0.177482698252166160E+01   -0.451333256682624722E+02    0.233885567104803812E+03    0.531960622564288201E+03    0.572635819977520555E+00
    0.184748837963004977E-05    0.577815637062248939E+02    0.165639427037180398E+01   -0.449249038471088298E+02    0.236128818808996698E+03    0.525415901371040491E+03    0.378750020271400645E+00
    0.225931337934082705E-05    0.571790959689597145E+02    0.158903890550361782E+01   -0.448473024567363723E+02    0.236764942895923241E+03    0.519299018039879684E+03    0.400697665510956980E+00
    0.399539987158694890E-05    0.558389305398597244E+02    0.175511290219537752E+01   -0.450403939316394428E+02    0.231769891835732864E+03    0.536896566230265989E+03    0.723073385993191042E+00
    0.905876043397320478E-05    0.540017532877997084E+02    0.177413272331407956E+01   -0.450339980358885370E+02    0.230704963907218882E+03    0.545970360811955402E+03    0.695487620428691389E+00
    0.272785456014487725E-03    0.469918466526678742E+02    0.175802479286710645E+01   -0.450290438618197584E+02    0.230526319952155262E+03    0.573499983500717917E+03    0.663630663198762072E+00
    0.261234534264954163E-03    0.468783806692225227E+02    0.159643670283877315E+01   -0.448377889421852558E+02    0.234480766817934523E+03    0.535801942296776474E+03    0.457425440187458121E+00
    0.277615184299316901E-03    0.465567460230616419E+02    0.163456559417820246E+01   -0.449075520536047961E+02    0.232692958923452295E+03    0.558079698174673695E+03    0.549990288542937744E+00
    0.280548646535860424E-03    0.463357235985818718E+02    0.165702915032572795E+01   -0.450293621298907212E+02    0.241653752148753000E+03    0.487806059413680089E+03    0.535851897268055932E+00
    0.497116614717162076E-03    0.449915686026412942E+02    0.171397205826530263E+01   -0.449172547436140235E+02    0.236008469614147316E+03    0.515636367044924100E+03    0.540089093288268041E+00
    0.594503025970095130E-03    0.444337662621859195E+02    0.168569407231774693E+01   -0.448879299704260504E+02    0.235505471004664969E+03    0.520771086730400725E+03    0.512630286589098039E+00
    0.558534877222739722E-03    0.443585837451325631E+02    0.172606811332409582E+01   -0.449049910388047593E+02    0.232052441790280000E+03    0.565759548860144264E+03    0.504095553321300738E+00
    0.810491430254523730E-03    0.434139363388763826E+02    0.165542644448657739E+01   -0.450488586769637323E+02    0.232621874938002946E+03    0.557734782239533047E+03    0.539795271623274675E+00
    0.312095513018261893E-02    0.405174291434569867E+02    0.171677057015027867E+01   -0.449720779734918636E+02    0.240698605603728652E+03    0.496473841042313325E+03    0.452408691608440217E+00
    0.309494218463653202E-02    0.403341688649091807E+02    0.169968665491278581E+01   -0.450859423652472273E+02    0.232757749925550002E+03    0.539566092874311835E+03    0.771047286649147789E+00
    0.332731170305087653E-02    0.399893779531959339E+02    0.171813601117515025E+01   -0.450343494411227141E+02    0.232912364942231704E+03    0.535518770076696455E+03    0.674147563077445167E+00
    0.336916156833938279E-02    0.397643794750748256E+02    0.163601008864318387E+01   -0.450796221873225988E+02    0.233781162845810684E+03    0.527050343131718591E+03    0.642697203363443714E+00
    0.609686513164335326E-02    0.383781578638690917E+02    0.162408290762575991E+01   -0.450603185293964827E+02    0.234445681245576509E+03    0.519428248793579542E+03    0.672648062976580974E+00
    0.866254836740374193E-02    0.374756894202617801E+02    0.167133864548473898E+01   -0.450262783837710003E+02    0.232226315286823080E+03    0.549371646911984271E+03    0.523242430976577300E+00
    0.100855976867667303E-01    0.369714904471902059E+02    0.177109979289196628E+01   -0.449776354996669525E+02    0.234091574372490015E+03    0.530397935197969559E+03    0.468499663341592654E+00
    0.111581997321456086E-01    0.365693580571065056E+02    0.179038954533725958E+01   -0.451275850621283681E+02    0.233571037610262778E+03    0.509342024924639702E+03    0.704302033638161129E+00
    0.205033175814301749E-01    0.351525339037574440E+02    0.178067626156475645E+01   -0.450738508511455080E+02    0.233327277926040267E+03    0.525636803466923084E+03    0.629101185009962816E+00
    0.188403819415199590E-01    0.351217022326456245E+02    0.164302022247673585E+01   -0.450966808006023570E+02    0.233963119722974540E+03    0.525642097912179679E+03    0.692756176338802043E+00
    0.179754274719766786E-01    0.350156959467453675E+02    0.177525044736578130E+01   -0.451437723939646460E+02    0.231770344375441624E+03    0.541738586296033532E+03    0.763450158416096758E+00
    0.201310190068929758E-01    0.345891835969867003E+02    0.174435736025090793E+01   -0.449087656616696904E+02    0.237464771251766535E+03    0.497464991626637641E+03    0.484444089300184122E+00
    0.339356107886201810E-01    0.333447774587912704E+02    0.167819081945664195E+01   -0.451829458893170681E+02    0.231751991002890009E+03    0.544636282060339454E+03    0.777182930705582420E+00
    0.310143538783849912E-01    0.333248070650287787E+02    0.175963687749144992E+01   -0.449899607767183340E+02    0.235436700250015463E+03    0.504403447145207167E+03    0.515748241914850691E+00
    0.330287178100976964E-01    0.329989524769405591E+02    0.167240341671861881E+01   -0.450266851335547784E+02    0.235072120822987273E+03    0.505543717872731065E+03    0.566647034823384743E+00
    0.351765860347005022E-01    0.326729459327160754E+02    0.171801378733590115E+01   -0.451061805662694866E+02    0.231789415450110340E+03    0.542505454034638660E+03    0.742583044118965141E+00
    0.344118088275663092E-01    0.325169077456531639E+02    0.175748198617666351E+01   -0.451357133142105766E+02    0.232740093239824773E+03    0.524827700811534328E+03    0.736451132235574679E+00
    0.316016591560378118E-01    0.324872880680351130E+02    0.170880372394070212E+01   -0.450293129826419403E+02    0.231617900568382737E+03    0.561207485720941918E+03    0.621389173741446532E+00
    0.290463078540175480E-01    0.324559245583934626E+02    0.165447265213947370E+01   -0.451368321452213479E+02    0.230175825343480028E+03    0.570051447203504154E+03    0.799174828596498354E+00
    0.282874547862905709E-01    0.323088704911503655E+02    0.167330008690870025E+01   -0.450626952870791797E+02    0.233347637809244986E+03    0.525393875323904695E+03    0.609930665995922605E+00
    0.279223745709529410E-01    0.321348506695787819E+02    0.170846777958858009E+01   -0.448052788970006759E+02    0.237688739253334319E+03    0.515592035931517671E+03    0.378471097838005144E+00
    0.257455736982710841E-01    0.320971818820973880E+02    0.175169168711510292E+01   -0.450864060676069727E+02    0.232696278751520822E+03    0.530445865166044200E+03    0.642824620099069044E+00
    0.242203092216497773E-01    0.320193243058476611E+02    0.174296440496693950E+01   -0.447972753418879961E+02    0.239931588526523683E+03    0.502938671644852832E+03    0.353201771143222820E+00
    0.222074866631807206E-01    0.319928483781263786E+02    0.175135691259218174E+01   -0.451609323552913580E+02    0.231060563452486605E+03    0.540223067352714224E+03    0.756218660126574793E+00
    0.268048270025101065E-01    0.314165433496748960E+02    0.174243568696614481E+01   -0.449883653398008718E+02    0.236488882514004814E+03    0.497138568413377470E+03    0.546647631075582452E+00
    0.334764604022589132E-01    0.307720222817797762E+02    0.169644792813302159E+01   -0.449029789602692730E+02    0.234189705415656078E+03    0.531378114376700182E+03    0.416368196109809907E+00
    0.318414224026297363E-01    0.306721712494844283E+02    0.173359102648267127E+01   -0.450660460931561957E+02    0.234665748384476132E+03    0.512170884495323207E+03    0.628641376355147274E+00
    0.296523431258146550E-01    0.306146250193658069E+02    0.171428821061821535E+01   -0.451185716813603861E+02    0.231313743395290970E+03    0.545677314478269864E+03    0.740972505995032504E+00
    0.282085177571047702E-01    0.305144593554179870E+02    0.167021813758882565E+01   -0.450662145373714651E+02    0.232074961526730959E+03    0.538403198322860703E+03    0.647311743027932707E+00
    0.257419066339474138E-01    0.304974667718846781E+02    0.172978906863679338E+01   -0.450219246241638373E+02    0.233842577140732772E+03    0.523858672476449101E+03    0.576904974884374977E+00
    0.250127288180529601E-01    0.303549376203078793E+02    0.172976446406089313E+01   -0.450770923104563579E+02    0.231294370026740694E+03    0.554398154130548619E+03    0.633154311226712063E+00
    0.239886278025604784E-01    0.302385475633608252E+02    0.168638384650220141E+01   -0.449030736859251931E+02    0.237222321541195498E+03    0.499834646802193106E+03    0.439272116807622404E+00
    0.220358276200289041E-01    0.302083680024852939E+02    0.172530624721303649E+01   -0.450786507179444556E+02    0.231542137027940157E+03    0.548452993250696181E+03    0.631261920270346000E+00
    0.202816214809090622E-01    0.301742770559265665E+02    0.169324231775554446E+01   -0.448613145226064063E+02    0.235227637980701729E+03    0.525121236316188970E+03    0.386122344648084037E+00
    0.183732244552843420E-01    0.301719184920474994E+02    0.167925122102714308E+01   -0.449901100608556064E+02    0.233517094135978454E+03    0.527886019815115560E+03    0.532851886487862192E+00
    0.172920696292605085E-01    0.300932113293958459E+02    0.171970362163069068E+01   -0.451377106588127432E+02    0.231642111955526303E+03    0.544195136627163038E+03    0.720782128525626398E+00
    0.162759297193933693E-01    0.300143326921827978E+02    0.170725705091568880E+01   -0.449946036827386919E+02    0.235671257247325940E+03    0.508286264995574982E+03    0.530689352843128126E+00
    0.161753171677095006E-01    0.298267344189230954E+02    0.171665454888444491E+01   -0.449784614122777811E+02    0.235476786749996421E+03    0.518461658619215882E+03    0.523370525014278831E+00
    0.151038354088738527E-01    0.297638098920282630E+02    0.169174020176655282E+01   -0.448476040131749230E+02    0.240326195924442231E+03    0.491452843505904752E+03    0.416384257626342014E+00
    0.137917501495024887E-01    0.297455661200461243E+02    0.171118262135403643E+01   -0.450539057424563154E+02    0.234409766829747099E+03    0.509127839875668997E+03    0.613715869584869789E+00
    0.128712080890718283E-01    0.296837215447051754E+02    0.169246320491964752E+01   -0.449888220908095917E+02    0.232336625197858041E+03    0.548865368261018261E+03    0.545264032301619017E+00
    0.117160824406542328E-01    0.296717823852843630E+02    0.171423738899912248E+01   -0.450221570983974502E+02    0.233345859509385036E+03    0.531937963450905499E+03    0.570481928636619728E+00
    0.107193287967918913E-01    0.296496102334542542E+02    0.170972173257522542E+01   -0.449393789660985234E+02    0.235578038100007177E+03    0.512617493577420873E+03    0.473699352857767542E+00
    0.973295497049105063E-02    0.296426722224283843E+02    0.170538885620098268E+01   -0.450222473646333583E+02    0.231970039036130174E+03    0.562377863198702244E+03    0.577699481810628579E+00
    0.901095975206682269E-02    0.295968241429210934E+02    0.170657992689847759E+01   -0.449892802880224068E+02    0.235620811593540282E+03    0.504443777897800885E+03    0.553555128330913249E+00
    0.828192458537545598E-02    0.295655565578700745E+02    0.168690257855433723E+01   -0.450431873048714451E+02    0.231544006060162332E+03    0.549499083293660874E+03    0.606162705723560014E+00
    0.879264458510577857E-02    0.294425440346701315E+02    0.170307128882502656E+01   -0.451054753263130834E+02    0.231050986502955652E+03    0.557660928602567424E+03    0.683319775749699598E+00
    0.844314152311596497E-02    0.295236661779519025E+02    0.171152708945976295E+01   -0.451279851520716022E+02    0.229818086510232945E+03    0.562416834139460775E+03    0.723699589645688701E+00
    0.848340200772619395E-02    0.295141519943948971E+02    0.169058943091950931E+01   -0.449294357673914675E+02    0.237040371910365877E+03    0.486306237954817334E+03    0.489583400496672483E+00
    0.877822402321898169E-02    0.294458268695591627E+02    0.170211535730521568E+01   -0.449943116092885873E+02    0.233548395938346886E+03    0.526595635052911234E+03    0.537006514380178657E+00
    0.879144356222177209E-02    0.294428172414183678E+02    0.170424965125875705E+01   -0.450176300056581908E+02    0.233317794281129920E+03    0.539298162940209522E+03    0.566604502105227725E+00
    0.896581375756384628E-02    0.294035373465304204E+02    0.170058411795499720E+01   -0.449325810512397865E+02    0.236172431709010482E+03    0.497900272124272078E+03    0.485624450729191692E+00
    0.835452864496758971E-02    0.295447676043459637E+02    0.170968494128237314E+01   -0.449305735839709399E+02    0.235316742940468288E+03    0.510721599144781862E+03    0.472944380290753585E+00
    0.895408445625057829E-02    0.294061555093901319E+02    0.170354581119118298E+01   -0.450813534598655608E+02    0.233173275312519280E+03    0.512355880030003277E+03    0.666587134922539404E+00
    0.870389972779574486E-02    0.294628327538064774E+02    0.169571781403298316E+01   -0.449243118301021269E+02    0.233908727985606731E+03    0.525541541863158727E+03    0.458459936619573238E+00
    0.880876653408152986E-02    0.294388802480850380E+02    0.170410873039642929E+01   -0.450469003338298677E+02    0.232516953059805076E+03    0.538562925391720341E+03    0.609810045579213256E+00
