    0.186714660555890371E-90    0.536764894544479489E+03    0.197137398638066230E+01   -0.454809981372800394E+02
    0.105676107636541117E-88    0.528492959660900851E+03    0.180468956232070932E+01   -0.455453381538391113E+02
    0.211446834590780702E-88    0.526905770129185726E+03    0.176400573253631587E+01   -0.455484058856964111E+02
    0.162260563267719199E-54    0.370659524076476259E+03    0.283691793680191040E+01   -0.445966367721557617E+02
    0.152917039340552552E-54    0.370578139897573521E+03    0.288977834587779325E+01   -0.445447261178526404E+02
    0.469390360142803109E-50    0.349714380755916011E+03    0.292043639538366939E+01   -0.444972847082499570E+02
    0.998220573853500564E-26    0.237481217249958576E+03    0.292226091078674699E+01   -0.443888097187860780E+02
    0.292549768384192750E-22    0.221315215440518159E+03    0.265002997517585737E+01   -0.446377787590026855E+02
    0.200531295529375791E-21    0.217265374211581673E+03    0.269848858382894274E+01   -0.441875369746659459E+02
    0.401123501762284653E-17    0.197258095382951012E+03    0.278787629665188463E+01   -0.441223433787026664E+02
    0.396480460684458888E-16    0.192476210404877747E+03    0.275361767485161124E+01   -0.441594059779595582E+02
    0.586151884297195561E-15    0.186889135851214178E+03    0.288726071361886261E+01   -0.443610745166749609E+02
    0.721173430689780622E-14    0.181669364253191162E+03    0.290876344442367563E+01   -0.440241622924804688E+02
    0.206909430899011321E-12    0.174756220850414905E+03    0.266391520619672084E+01   -0.445640081688406369E+02
    0.552286332709225745E-10    0.163382309548771360E+03    0.290216109791099086E+01   -0.440537150288318742E+02
    0.659978901203303789E-10    0.162826027076430364E+03    0.292601935417818870E+01   -0.440317481273816327E+02
    0.295472954141102951E-09    0.159628118009897292E+03    0.274260119784501954E+01   -0.442091558894224548E+02
    0.714012668174950330E-07    0.148453130842289227E+03    0.295568884015083322E+01   -0.440265078544616699E+02
    0.603239083272939323E-06    0.143985134850111166E+03    0.279179509765540912E+01   -0.443825649946086926E+02
    0.192671436048102716E-05    0.141462619211215696E+03    0.272963517776909015E+01   -0.444392101628927705E+02
    0.990626155196543068E-05    0.137987917433373383E+03    0.283609780062577954E+01   -0.441605757295988468E+02
    0.157376503196330421E-03    0.132256969419778557E+03    0.281004248112722355E+01   -0.441990853632239435E+02
    0.454228438686575097E-02    0.125331880840982066E+03    0.255202818946687415E+01   -0.445764462266451389E+02
    0.550170842258416396E-02    0.124748623617234159E+03    0.294300781509209752E+01   -0.441081496743747437E+02
    0.115262752627888678E-01    0.123069482480560609E+03    0.269174676295109760E+01   -0.444214847389991192E+02
    0.105271415067807704E-01    0.123050827294922328E+03    0.292289440841163906E+01   -0.441699109905951630E+02
    0.105343431187259941E-01    0.122849459563757307E+03    0.281992095143599864E+01   -0.442825128932580867E+02
    0.132684056594279190E-01    0.122187969560043953E+03    0.286059208528466957E+01   -0.442304730179401417E+02
    0.151294339800110440E-01    0.121725456716504084E+03    0.286501895744058910E+01   -0.442117154035179851E+02
    0.145389784463237377E-01    0.121605074526870666E+03    0.256428407051657059E+01   -0.445504250417142771E+02
    0.146940629734684230E-01    0.121383853884125728E+03    0.273531282016603150E+01   -0.443088333462586164E+02
    0.159287220823490644E-01    0.121022493150051204E+03    0.275192855247685308E+01   -0.442983795005487764E+02
    0.160234952603069102E-01    0.120810628752050704E+03    0.268252296431443460E+01   -0.444190870731263843E+02
    0.185230391343743708E-01    0.120320710318054282E+03    0.275806442990547263E+01   -0.443015904919139629E+02
    0.299594464205346946E-01    0.119159051587434675E+03    0.270219576954841623E+01   -0.443816268444061279E+02
    0.320623364465394342E-01    0.118823376906150088E+03    0.264944657956600693E+01   -0.443944686947249423E+02
    0.330251647748460234E-01    0.118564201270234364E+03    0.256333176461201973E+01   -0.445375643396628504E+02
    0.335608077106261879E-01    0.118332023051884676E+03    0.252687827737614379E+01   -0.445764470005643503E+02
    0.305213309465632299E-01    0.118321889320897682E+03    0.267063019541731927E+01   -0.443858137005286579E+02
    0.292816132807757028E-01    0.118204821377896067E+03    0.263595268697654994E+01   -0.444523819216272713E+02
    0.269923587092321116E-01    0.118167633319460762E+03    0.255074584807988858E+01   -0.445493746785832627E+02
    0.258180771242996522E-01    0.118056591129201095E+03    0.267235858814292637E+01   -0.444015489675492248E+02
    0.237732671425740227E-01    0.118021617509662832E+03    0.263648997387052253E+01   -0.444499312571449678E+02
    0.217487696820146369E-01    0.117999626570639649E+03    0.263953258705423810E+01   -0.444089936669602210E+02
    0.254591831058375052E-01    0.117484587935382280E+03    0.255641674477296288E+01   -0.445391723464358549E+02
    0.255817533884907487E-01    0.117274982271639857E+03    0.263360322417240855E+01   -0.444438259968619391E+02
    0.252023384686872604E-01    0.117104867376643767E+03    0.263157572141840701E+01   -0.444263535359633721E+02
    0.228808860142756879E-01    0.117098137169496866E+03    0.257411275079897850E+01   -0.445162901972316405E+02
    0.218399282834713139E-01    0.116991261215525896E+03    0.257636217060577311E+01   -0.444606501093485988E+02
    0.199986303644010578E-01    0.116967413370962717E+03    0.261793292439912317E+01   -0.444346676077313916E+02
    0.201257969038470055E-01    0.116754736109366164E+03    0.261666063656025516E+01   -0.444388695966687806E+02
    0.190681486012347981E-01    0.116662702288744271E+03    0.261896444774863024E+01   -0.444405803612168100E+02
    0.223657278075852957E-01    0.116143681392595525E+03    0.255062752750581767E+01   -0.445367669674714577E+02
    0.208806187999424804E-01    0.116081098152645097E+03    0.260228631815697309E+01   -0.444626006096336397E+02
    0.196889613345619420E-01    0.115998624669123586E+03    0.259399678408577206E+01   -0.444618940703544183E+02
    0.178951592849359645E-01    0.115989680459291876E+03    0.259510285204029945E+01   -0.444761039337264208E+02
    0.181177311117850549E-01    0.115764958793433976E+03    0.258238852189143397E+01   -0.444917542442221077E+02
    0.195392813868962428E-01    0.115413887210974181E+03    0.257082282092896719E+01   -0.445028717659140653E+02
    0.198488918330154418E-01    0.115182444592775468E+03    0.257236372736919972E+01   -0.444865491809331530E+02
    0.185590806096402917E-01    0.115116822569795687E+03    0.256470934044716836E+01   -0.444880166759050226E+02
    0.170333513098543145E-01    0.115088394421992774E+03    0.257010356044686317E+01   -0.444945877754522527E+02
    0.156053170589375411E-01    0.115063517563230647E+03    0.256964138379487350E+01   -0.444938846625038451E+02
    0.142469228592191580E-01    0.115045659062436030E+03    0.256496164554785056E+01   -0.445045370552241479E+02
    0.133841945280589979E-01    0.114970591953915431E+03    0.256680284005205817E+01   -0.444941838330921868E+02
    0.123002889345928748E-01    0.114939495444381279E+03    0.256582511633549792E+01   -0.444976345255897243E+02
    0.123003513284203718E-01    0.114739485299307532E+03    0.255211450712114019E+01   -0.444987402681842354E+02
    0.111351468583898456E-01    0.114738527970778222E+03    0.255302370606254625E+01   -0.444985344813858177E+02
    0.101313786434860127E-01    0.114727466141595571E+03    0.255694080610440988E+01   -0.445104860254501418E+02
    0.918210996330928557E-02    0.114724226906380508E+03    0.255943837813658881E+01   -0.445031024519705696E+02
    0.846837796308977375E-02    0.114686062976706197E+03    0.255815678573813754E+01   -0.445017136020627433E+02
    0.776411302109475659E-02    0.114659716505278396E+03    0.253873538495860540E+01   -0.445375426955227240E+02
    0.710373636570900153E-02    0.114637499161184053E+03    0.255087943876554490E+01   -0.445192028888629991E+02
    0.648958757990203243E-02    0.114618342986448198E+03    0.255483452784858978E+01   -0.445110042768449787E+02
    0.606045163271267100E-02    0.114555172301511817E+03    0.253987954439767671E+01   -0.445345628301786789E+02
    0.699562129137965266E-02    0.114264839879839670E+03    0.253625432349116675E+01   -0.445354116061062371E+02
    0.621778542554907079E-02    0.114500581122003766E+03    0.255284117770180430E+01   -0.445074072938344045E+02
    0.831512533845259715E-02    0.113919256354277891E+03    0.253581547256548578E+01   -0.445214317437197806E+02
    0.772550312879745436E-02    0.114066354825684954E+03    0.253927972663285839E+01   -0.445168271847505110E+02
    0.709069222646794770E-02    0.114237842786940263E+03    0.254309929282590241E+01   -0.445228521528393983E+02
    0.738156629736419836E-02    0.114157437023876014E+03    0.253934890330301632E+01   -0.445279489056896836E+02
    0.762693779596812331E-02    0.114092035872129216E+03    0.254105953578655575E+01   -0.445180769505402054E+02
    0.747092897381934108E-02    0.114133370022831741E+03    0.254113168521342736E+01   -0.445150489694478892E+02
    0.624902853437717294E-02    0.114490556692558769E+03    0.254985594789218695E+01   -0.445049505241817087E+02
    0.901841863409448725E-02    0.113756870724940285E+03    0.253099126412645159E+01   -0.445318423829463654E+02
