    0.305085283517837536E+00   -0.449370322227478027E+02   -0.185442095267288503E+06   -0.160278011214887317E+01    1
    0.197583575844764714E+01   -0.441286876201629639E+02   -0.344709517656322851E+04   -0.180278011214887313E+01    1
    0.299995004534721366E+01   -0.451153731346130371E+02   -0.142200686499102130E+04   -0.200278011214887330E+01    1
    0.278170611858367911E+01   -0.451527957916259766E+02   -0.110901853460613347E+04   -0.220278011214887304E+01    1
    0.179455792903900146E+01   -0.458616528511047363E+02   -0.101032084569208109E+04   -0.240278011214887322E+01    1
    0.261390342712402335E+01   -0.451631410121917725E+02   -0.855910203623796633E+03   -0.260278011214887339E+01    1
    0.288036811351776123E+01   -0.437718617916107178E+02   -0.800733973036376028E+03   -0.280278011214887313E+01    1
    0.165307943820953374E+01   -0.456492178440093994E+02   -0.698475463327698321E+03   -0.300278011214887330E+01    1
    0.297356897592544556E+01   -0.444420461654663086E+02   -0.343946965390661546E+03   -0.320278011214887393E+01    1
    0.154237197637557988E+01   -0.451909823417663574E+02   -0.264920396494960301E+03   -0.340278011214887366E+01    1
    0.248208385960366229E+01   -0.444211489262345225E+02   -0.205670885781817134E+03   -0.360278011214887339E+01    1
    0.298294702304469395E+01   -0.442240850318716809E+02   -0.180891763662206074E+03   -0.380278011214887357E+01    1
    0.271649531562291413E+01   -0.442542136008813927E+02   -0.179998797242580508E+03   -0.400278011214887375E+01    1
    0.257864252924919146E+01   -0.444246172904968262E+02   -0.154188052948518788E+03   -0.420278011214887393E+01    1
    0.205485736907663563E+01   -0.447671997388953855E+02   -0.148059895315440770E+03   -0.440278011214887322E+01    1
    0.254531031071032654E+01   -0.445775249315644331E+02   -0.146106542624366824E+03   -0.460278011214887339E+01    1
    0.239602753607578434E+01   -0.447148041619086314E+02   -0.137900963701734071E+03   -0.480278011214887357E+01    1
    0.222641084171126069E+01   -0.448639858258242086E+02   -0.124874709717177439E+03   -0.500278011214887375E+01    1
    0.228910955760363466E+01   -0.447328864230017302E+02   -0.121948832112537900E+03   -0.520278011214887393E+01    1
    0.205515397933258326E+01   -0.448157144918399482E+02   -0.115693029593762674E+03   -0.540278011214887410E+01    1
    0.202072612405446517E+01   -0.450088294748252764E+02   -0.973321888271072311E+02   -0.560278011214887428E+01    1
    0.201223369058200463E+01   -0.450137191148647986E+02   -0.959267868358847835E+02   -0.580278011214887357E+01    1
    0.195771833819317576E+01   -0.450512708619530073E+02   -0.895547462928397522E+02   -0.600278011214887375E+01    1
    0.174512691978860057E+01   -0.448796481180378493E+02   -0.806447115037239826E+02   -0.620278011214887393E+01    1
    0.189577542401898747E+01   -0.449250676815305496E+02   -0.723382306797186629E+02   -0.640278011214887410E+01    1
    0.166436619855482992E+01   -0.450975639615051165E+02   -0.628546448643043831E+02   -0.660278011214887428E+01    1
    0.186760207226257102E+01   -0.449756788630068911E+02   -0.577541122074302677E+02   -0.680278011214887446E+01    1
    0.161679237305736279E+01   -0.450274564311159224E+02   -0.569347442711702314E+02   -0.700278011214887375E+01    1
    0.173967310513398954E+01   -0.449632269815871268E+02   -0.418201094734968493E+02   -0.720278011214887393E+01    1
    0.176407437425686187E+01   -0.449944536464987479E+02   -0.400523513896424674E+02   -0.740278011214887410E+01    1
    0.167136881532119075E+01   -0.450317612978335333E+02   -0.399652313581507386E+02   -0.760278011214887428E+01    1
    0.175909722998472406E+01   -0.450235647250662225E+02   -0.392362708429116083E+02   -0.780278011214887446E+01    1
    0.174503135500468542E+01   -0.450320526384948394E+02   -0.385413740961884201E+02   -0.800278011214887464E+01    1
    0.171552093765293856E+01   -0.450398214484838206E+02   -0.381719323343062911E+02   -0.820278011214887393E+01    1
    0.165776872869269920E+01   -0.449720641794391440E+02   -0.378817971492971139E+02   -0.840278011214887499E+01    1
    0.174319890459686055E+01   -0.450051485441391321E+02   -0.372121247672031785E+02   -0.860278011214887428E+01    1
    0.172909061546283471E+01   -0.449974634469694408E+02   -0.362566305040768810E+02   -0.880278011214887535E+01    1
    0.172466691307949271E+01   -0.449953622182039794E+02   -0.360390256375011333E+02   -0.900278011214887464E+01    1
    0.169458878906998711E+01   -0.450191073380869966E+02   -0.359546615079392424E+02   -0.920278011214887570E+01    1
    0.171576908095799796E+01   -0.449888033396252567E+02   -0.358900403648300639E+02   -0.940278011214887499E+01    1
    0.172485057518522900E+01   -0.450006620307397895E+02   -0.358473159418838776E+02   -0.960278011214887428E+01    1
    0.171867661592034504E+01   -0.450048863481716168E+02   -0.354476954529473147E+02   -0.980278011214887535E+01    1
    0.171392300301728651E+01   -0.450070645989859059E+02   -0.352733347103180392E+02   -0.100027801121488746E+02    1
    0.168627007170037069E+01   -0.449909277974617012E+02   -0.352513343104405834E+02   -0.102027801121488757E+02    1
    0.168531228722754856E+01   -0.449975851261673370E+02   -0.352377457662806819E+02   -0.104027801121488750E+02    1
    0.169241513769712482E+01   -0.449891250038815045E+02   -0.352136306318416672E+02   -0.106027801121488761E+02    1
    0.170732087756261919E+01   -0.449943775273202959E+02   -0.352080995063325375E+02   -0.108027801121488753E+02    1
    0.170687751076989902E+01   -0.450002422784241034E+02   -0.350607011401930890E+02   -0.110027801121488746E+02    1
    0.169719314543294142E+01   -0.450052155142866042E+02   -0.350527585160279003E+02   -0.112027801121488757E+02    1
    0.169222580244792176E+01   -0.449968173487834449E+02   -0.350359873499741141E+02   -0.114027801121488750E+02    1
    0.170493477165823704E+01   -0.449998604151191373E+02   -0.350254851427867706E+02   -0.116027801121488743E+02    1
    0.170038974599227299E+01   -0.449965250661620999E+02   -0.350100440253009921E+02   -0.118027801121488753E+02    1
