    0.918401357307082988E-98    0.529840792989920601E+03    0.154237197637557988E+01   -0.451909823417663574E+02
    0.405423742844222878E-72    0.411341771563634268E+03    0.248208385960366229E+01   -0.444211489262345225E+02
    0.191640054316130689E-61    0.361783527324412148E+03    0.298294702304469395E+01   -0.442240850318716809E+02
    0.383210832823057999E-61    0.359997594485161017E+03    0.271649531562291413E+01   -0.442542136008813927E+02
    0.508209409567416880E-50    0.308376105897037576E+03    0.257864252924919146E+01   -0.444246172904968262E+02
    0.190813391057605461E-47    0.296119790630881539E+03    0.205485736907663563E+01   -0.447671997388953855E+02
    0.110174286910411026E-46    0.292213085248733648E+03    0.254531031071032654E+01   -0.445775249315644331E+02
    0.330262298283096717E-43    0.275801927403468142E+03    0.239602753607578434E+01   -0.447148041619086314E+02
    0.122809037540825302E-37    0.249749419434354877E+03    0.222641084171126069E+01   -0.448639858258242086E+02
    0.187527053485781194E-36    0.243897664225075800E+03    0.228910955760363466E+01   -0.447328864230017302E+02
    0.799954981569963595E-34    0.231386059187525348E+03    0.205515397933258326E+01   -0.448157144918399482E+02
    0.616905268061307544E-26    0.194664377654214462E+03    0.202072612405446517E+01   -0.450088294748252764E+02
    0.205929190441586158E-25    0.191853573671769567E+03    0.201223369058200463E+01   -0.450137191148647986E+02
    0.986736201870404529E-23    0.179109492585679504E+03    0.195771833819317576E+01   -0.450512708619530073E+02
    0.598302900433212375E-19    0.161289423007447965E+03    0.174512691978860057E+01   -0.448796481180378493E+02
    0.198390557446815568E-15    0.144676461359437326E+03    0.189577542401898747E+01   -0.449250676815305496E+02
    0.213467168567475287E-11    0.125709289728608766E+03    0.166436619855482992E+01   -0.450975639615051165E+02
    0.286817324907494762E-09    0.115508224414860535E+03    0.186760207226257102E+01   -0.449756788630068911E+02
    0.532835875464052791E-09    0.113869488542340463E+03    0.161679237305736279E+01   -0.450274564311159224E+02
    0.159932619355081652E-02    0.836402189469936985E+02    0.173967310513398954E+01   -0.449632269815871268E+02
    0.767018316171389370E-02    0.801047027792849349E+02    0.176407437425686187E+01   -0.449944536464987479E+02
    0.685145149468458468E-02    0.799304627163014771E+02    0.167136881532119075E+01   -0.450317612978335333E+02
    0.116280588308970492E-01    0.784725416858232165E+02    0.175909722998472406E+01   -0.450235647250662225E+02
    0.190738404975266222E-01    0.770827481923768403E+02    0.174503135500468542E+01   -0.450320526384948394E+02
    0.225956983734955860E-01    0.763438646686125821E+02    0.171552093765293856E+01   -0.450398214484838206E+02
    0.247269745729906364E-01    0.757635942985942279E+02    0.165776872869269920E+01   -0.449720641794391440E+02
    0.395500563032327793E-01    0.744242495344063570E+02    0.174319890459686055E+01   -0.450051485441391321E+02
    0.841887566563775253E-01    0.725132610081537621E+02    0.172909061546283471E+01   -0.449974634469694408E+02
    0.856840117490254988E-01    0.720780512750022666E+02    0.172466691307949271E+01   -0.449953622182039794E+02
    0.763272774538204940E-01    0.719093230158784849E+02    0.169458878906998711E+01   -0.450191073380869966E+02
    0.666630962490870338E-01    0.717800807296601278E+02    0.171576908095799796E+01   -0.449888033396252567E+02
    0.569615194866227997E-01    0.716946318837677552E+02    0.172485057518522900E+01   -0.450006620307397895E+02
    0.695465583126700232E-01    0.708953909058946294E+02    0.171867661592034504E+01   -0.450048863481716168E+02
    0.677861010517269019E-01    0.705466694206360785E+02    0.171392300301728651E+01   -0.450070645989859059E+02
    0.567330863793647916E-01    0.705026686208811668E+02    0.168627007170037069E+01   -0.449909277974617012E+02
    0.470846063601876585E-01    0.704754915325613638E+02    0.168531228722754856E+01   -0.449975851261673370E+02
    0.394905440919087608E-01    0.704272612636833344E+02    0.169241513769712482E+01   -0.449891250038815045E+02
    0.325114514206644237E-01    0.704161990126650750E+02    0.170732087756261919E+01   -0.449943775273202959E+02
    0.308454960581343307E-01    0.701214022803861781E+02    0.170687751076989902E+01   -0.450002422784241034E+02
    0.254555391840995994E-01    0.701055170320558005E+02    0.169719314543294142E+01   -0.450052155142866042E+02
    0.211937120239321826E-01    0.700719746999482282E+02    0.169222580244792176E+01   -0.449968173487834449E+02
    0.175351378016746391E-01    0.700509702855735412E+02    0.170493477165823704E+01   -0.449998604151191373E+02
    0.145799582011041460E-01    0.700200880506019843E+02    0.170038974599227299E+01   -0.449965250661620999E+02
    0.147316938099787825E-01    0.699860657407381836E+02    0.170298690761629712E+01   -0.450012936640502303E+02
    0.147021832983724662E-01    0.699900761565438643E+02    0.169651397696003969E+01   -0.450018014491912481E+02
    0.146986296359253657E-01    0.699905596346670507E+02    0.170283024861485011E+01   -0.450023940208438233E+02
    0.146968456764121121E-01    0.699908023876072889E+02    0.169658017029297126E+01   -0.449966895777994011E+02
    0.148882048490288632E-01    0.699649296122865536E+02    0.169708101358179420E+01   -0.450009935467114204E+02
